-3.8459
-3.5172
-2.2663
-4.2137
-5.0266
-1.1127
-1.2858
-0.9167
-3.4491
-2.1243
-1.8195
-1.8564
-1.1973
-1.2239
-3.3949
-3.7731
-0.9901
-1.2301
-3.8009
-2.8238
-5.2807
-0.9722
-4.6093
-1.1114
-0.7963
-1.1920
-1.9445
-3.3721
-0.8561
-1.2946
-0.6609
-1.2808
-1.0858
-2.5155
-3.0242
-3.8312
-2.4551
-4.0243
-5.5311
0
-4.3115
2.0585
2.0585
-4.0899
0.8747
-0.2503
1.3056
0.0341
0
0.8693
-1.8109
-0.2503
5.7565
-4.6359
-2.4685
3.0490
-2.8807
0
0.3638
-0.9080
0.0321
-3.5071
0.9981
2.0214
-0.3840
1.2666
5.8104
4.5322
-5.6106
-2.4781
-4.7584
-2.6480
-0.9496
6.1930
-2.4070
3.2859
3.2495
-2.2853
0.7151
-5.2950
-5.3517
0.6525
-1.7812
-1.1700
-1.7842
0
-3.0910
-2.7725
-1.1792
-3.6529
8.5663
12.8826
3.2931
-1.9052
6.2789
0.7333
-1.7404
-0.9273
1.4143
0.1403
-3.1426
0.0334
-2.9042
-3.6050
-2.3078
-2.4244
-4.2958
-0.9052
0.1236
-0.2503
-0.0267
-4.2608
0
-3.1825
-1.9873
3.4908
-2.8179
-4.3029
-3.1894
-0.2503
-0.2503
-0.2503
-0.2503
-0.2503
0.7946
0.7946
0.7946
0.7946
0.7946
0.7946
0.7946
0.7946
0.7946
0.7946
0.7946
0.7946
0.7946
0.7946
0.7946
0.7946
0.7946
0.7946
-0.2503
2.3274
-0.0084
-5.8933
-0.5614
-6.4142
-2.5747
3.4926
0.3719
0.6393
1.0468
-2.9498
-3.3102
-4.9975
1.6438
-4.1098
0
0.4139
1.0005
-0.0000
0.3648
-0.2591
-0.5259
-1.1736
1.1945
-3.6841
-4.1177
-2.6842
-1.9911
-2.9283
-1.0533
0
-0.2503
-0.2503
-0.2503
-0.2503
-0.2503
-0.2503
-0.2503
0.4139
-2.5301
-0.2503
11.2476
2.1101
-0.2503
0.6516
0.6525
11.3259
10.0505
1.3724
-0.3710
0.2861
-2.6082
3.8483
4.5028
6.0225
5.9877
6.0225
6.0225
6.0225
-0.5539
-1.9780
0.0316
-0.7318
-3.1057
0.1874
-3.7061
-0.2503
4.8148
-2.6514
0.5315
-0.2198
0.4139
-3.4964
-2.4538
-2.4763
8.0549
5.7465
-1.8465
-3.2828
-0.5281
0.1339
2.2781
1.0064
1.5449
-2.7923
-1.3224
4.1712
0.9424
-3.6759
-2.1351
0.4024
-2.0826
-3.3565
-0.3774
0.1641
-0.3461
4.8909
-1.7782
-0.8059
-1.7492
-3.8579
5.6187
0
-1.9049
-0.8719
-0.4980
-8.8548
15.7450
-3.2678
-1.3129
0
3.2515
0.1403
1.1945
10.4253
0.3658
-2.7177
-1.2568
0.4139
1.4410
0.4024
1.8129
0.6525
0.6525
0
-3.6476
-2.2803
-2.5085
-8.0790
3.3674
-5.6241
-3.0498
7.6138
-1.1309
1.1035
-0.7755
-5.3044
-1.9227
-0.5605
-2.3808
-0.2503
-0.2503
-0.2503
-0.2503
-0.2503
5.8104
4.7761
3.9815
8.3562
-3.0642
-0.0915
-1.5835
3.7323
-1.7805
1.5852
-1.0418
0.4113